[DEFAULT]
stdratio = 1.7777777777777777
stdsize = 5.0
framerate = 60
c = 0.5
dpi = 144

[gaussian]
mmax = 20.0
dm = 1.00000E-01,2.00000E-02,4.00000E-03
nconv = 2
sigma_m = 1

[betaTest]
mstop = 40.0
sigma_m = 1
mstart = 10.0
mmax = 50.0
dm = 4.00000E-02
nconv = 6
vmax = 4.0

[gammaTst]
mstop = 40.0
sigma_m = 1
mstart = 10.0
mmax = 50.0
dm = 4.00000E-02
nconv = 6
gamma = 2.00000E-03
vmax = 4.0

