[DEFAULT]
stdratio = 1.7777777777777777
c = 0.5
framerate = 60
stdsize = 5.0
dpi = 144

[gaussian]
dm = 7.81250000000000E-02,3.90625000000000E-02,1.95312500000000E-02,9.76562500000000E-03,4.88281250000000E-03
mmax = 20.0
v = 1.0
nconv = 2
sigma_m = 2.5

[betaTest]
dm = 9.7656250000E-03
mmax = 40.0
mstop = 30.0
vmax = 4.0
nconv = 6
sigma_m = 1
mstart = 10.0

[gammaTst]
dm = 9.7656250000E-03
mmax = 40.0
mstop = 30.0
vmax = 4.0
gamma = 4.88281E-04
nconv = 6
sigma_m = 1
mstart = 10.0

